0 0 0 0 0 0.000000
1 24 1 0 0 0.018828
2 23 2 0 0 0.020758
3 18 7 0 0 0.022485
4 13 12 0 0 0.023307
5 8 17 0 0 0.025560
6 5 20 0 0 0.028169
7 3 22 0 0 0.032188
8 2 23 0 0 0.034114
9 1 23 0 0 0.034378
10 1 23 0 0 0.036382
11 1 23 0 0 0.040731
12 1 23 0 0 0.041965
13 0 24 0 0 0.046029
14 0 24 0 0 0.049345
15 0 24 0 0 0.049913
16 0 24 0 0 0.051178
17 0 24 0 0 0.053744
18 0 24 0 0 0.054702
19 0 24 0 0 0.055814
20 0 24 0 0 0.059384
21 0 24 0 0 0.062012
22 0 24 0 0 0.063342
23 0 24 0 0 0.066373
24 0 24 0 0 0.069321
25 0 24 0 0 0.071471
26 0 24 0 0 0.071727
27 0 24 0 0 0.074166
28 0 24 0 0 0.076268
29 0 24 0 0 0.076425
30 0 24 0 0 0.078915
31 0 24 0 0 0.079216
32 0 24 0 0 0.081689
33 0 24 0 0 0.082192
34 0 24 0 0 0.083917
35 0 24 0 0 0.084612
36 0 24 0 0 0.086827
37 0 24 0 0 0.087804
38 0 24 0 0 0.089022
39 0 24 0 0 0.091982
40 0 24 0 0 0.094333
41 0 24 0 0 0.094683
42 0 24 0 0 0.096115
43 0 24 0 0 0.096839
44 0 24 0 0 0.098717
45 0 24 0 0 0.101100
46 0 24 0 0 0.103233
47 0 24 0 0 0.103608
48 0 24 0 0 0.104711
49 0 24 0 0 0.106744
50 0 24 0 0 0.107990
51 0 24 0 0 0.110580
52 0 24 0 0 0.112610
53 0 24 0 0 0.111778
54 0 24 0 0 0.112236
55 0 24 0 0 0.113629
56 0 24 0 0 0.113934
57 0 24 0 0 0.112604
58 0 24 0 0 0.112023
59 0 24 0 0 0.113358
60 0 24 0 0 0.115728
61 0 24 0 0 0.117416
62 0 24 0 0 0.117472
63 0 24 0 0 0.118334
64 0 24 0 0 0.120819
65 0 24 0 0 0.123533
66 0 24 0 0 0.125170
67 0 24 0 0 0.128683
68 0 24 0 0 0.131352
69 0 24 0 0 0.133776
70 0 24 0 0 0.136500
71 0 24 0 0 0.137187
72 0 24 0 0 0.139236
73 0 24 0 0 0.141318
74 0 24 0 0 0.143201
75 0 24 0 0 0.142526
76 0 24 0 0 0.142542
77 0 24 0 0 0.142033
78 0 24 0 0 0.143411
79 0 24 0 0 0.141021
80 0 24 0 0 0.142781
81 0 24 0 0 0.144173
82 0 24 0 0 0.147026
83 0 24 0 0 0.150124
84 0 24 0 0 0.151791
85 0 24 0 0 0.153055
86 0 24 0 0 0.152135
87 0 24 0 0 0.154111
88 0 24 0 0 0.158910
89 0 24 0 0 0.159170
90 0 24 0 0 0.162603
91 0 24 0 0 0.162396
92 0 24 0 0 0.162125
93 0 24 0 0 0.162566
94 0 24 0 0 0.164568
95 0 24 0 0 0.167030
96 0 24 0 0 0.170623
97 0 24 0 0 0.171311
98 0 24 0 0 0.172561
99 0 24 0 0 0.173458
