0 0 0 0 0 0.000000
1 22 3 0 0 1.734694
2 22 3 0 0 1.858914
3 18 7 0 0 2.093426
4 15 10 0 0 2.139644
5 13 12 0 0 2.294094
6 12 13 0 0 2.602612
7 12 12 2 0 2.614205
8 11 13 3 0 2.677892
9 11 13 5 0 2.700023
10 11 13 6 0 2.735348
11 8 16 9 0 2.980638
12 7 17 10 0 3.010584
13 5 19 10 0 3.081001
14 3 21 11 0 3.431584
15 3 21 11 0 3.529468
16 2 22 11 0 3.562663
17 1 23 13 0 3.675889
18 0 24 16 0 3.882450
19 0 24 17 0 4.230700
20 0 24 18 0 4.487527
21 0 24 20 0 4.430126
22 0 24 21 0 4.637426
23 0 24 21 0 4.835399
24 0 24 21 0 5.035585
25 0 24 21 0 5.164787
26 0 24 21 0 5.385338
27 0 24 22 0 5.451578
28 0 24 22 0 5.722094
29 0 24 23 0 5.816142
30 0 24 23 0 5.872377
31 0 24 23 0 6.154741
32 0 24 23 0 6.316718
33 0 24 24 0 6.463790
34 0 24 24 0 6.520360
35 0 24 24 0 6.666689
36 0 24 24 0 7.006423
37 0 24 24 0 7.251469
38 0 24 24 0 7.309728
39 0 24 24 0 7.485860
40 0 24 24 0 7.716510
41 0 24 24 0 8.242670
42 0 24 24 0 8.290184
43 0 24 24 0 8.332183
44 0 24 24 0 8.663943
45 0 24 24 0 8.741326
46 0 24 24 0 8.930129
47 0 24 24 0 8.920546
48 0 24 24 0 9.068734
49 0 24 24 0 9.042787
50 0 24 24 0 9.428396
51 0 24 24 0 9.493721
52 0 24 24 0 9.810204
53 0 24 24 0 10.061614
54 0 24 24 0 10.176252
55 0 24 24 0 10.395007
56 0 24 24 0 10.487361
57 0 24 24 0 10.979196
58 0 24 24 0 11.038164
59 0 24 24 0 11.084008
60 0 24 24 0 11.112183
61 0 24 24 0 11.317771
62 0 24 24 0 11.481846
63 0 24 24 0 11.564846
64 0 24 24 0 11.531825
65 0 24 24 0 11.608720
66 0 24 24 0 11.930039
67 0 24 24 0 12.624394
68 0 24 24 0 12.721464
69 0 24 24 0 13.200146
70 0 24 24 0 13.078043
71 0 24 24 0 13.598888
72 0 24 24 0 13.957333
73 0 24 24 0 14.222248
74 0 24 24 0 14.790830
75 0 24 24 0 15.045048
76 0 24 24 0 15.691064
77 0 24 24 0 15.899568
78 0 24 24 0 16.071088
79 0 24 24 0 16.345124
80 0 24 24 0 17.193326
81 0 24 24 0 17.556664
82 0 24 24 0 18.065086
83 0 24 24 0 18.512438
84 0 24 24 0 18.324007
85 0 24 24 0 18.785746
86 0 24 24 0 18.945857
87 0 24 24 0 19.467661
88 0 24 24 0 20.250880
89 0 24 24 0 20.058423
90 0 24 24 0 20.243976
91 0 24 24 0 20.305697
92 0 24 24 0 20.736568
93 0 24 24 0 21.357227
94 0 24 24 0 21.378674
95 0 24 24 0 21.843066
96 0 24 24 0 22.151660
97 0 24 24 0 22.902857
98 0 24 24 0 23.483242
99 0 24 24 0 23.493057
